-27.901
-24.373
-20.758
-16.238
 -8.896
 -3.393
  0.061
  2.942
  6.945
 10.178
 14.194
 18.162
 22.239
 23.431
 26.382
 26.746
 28.685
 29.507
 28.447
 29.356
 28.822
 25.360
 23.980
 18.996
 15.098
 12.163
 11.063
  5.812
  1.971
  2.399
 -0.671
 -0.517
 -6.025
-10.221
-13.057
-15.532
-17.814
-20.416
-22.066
-27.595
-28.623
-34.142
-30.865
-36.015
-37.831
-32.953
-31.930
-34.847
-28.964
-25.852
-24.063
-25.004
-22.154
-15.061
-11.603
 -8.302
 -6.264
 -1.995
  5.168
  4.337
  4.988
  8.985
 12.175
 14.718
 21.028
 23.807
 26.080
 27.817
 28.995
 30.055
 28.951
 30.669
 25.446
 25.261
 25.659
 25.185
 19.418
 15.057
 11.811
  6.453
  5.024
  0.237
 -0.801
 -3.479
 -5.426
 -9.454
 -7.340
-20.917
-20.971
-32.759
-28.353
-40.808
-37.222
-38.480
-41.450
-40.618
-43.954
-25.374
-47.077
-44.336
-42.686
-46.945
-44.835
-51.086
-41.383
-33.817
-33.179
-29.047
-21.101
-19.173
 -1.178
-14.667
 -5.969
 -5.786
  1.022
  4.606
  4.196
  7.488
 14.672
 14.137
 17.844
 18.787
 20.863
 22.674
 28.539
 29.385
 28.022
 24.870
 27.871
 24.929
 21.323
 15.801
 16.634
 10.960
 13.702
 11.298
  1.176
  3.441
 -0.317
 -0.490
 -2.581
  3.703
  0.303
 -8.121
-14.270
-16.262
-18.152
-21.147
-20.525
-23.392
-23.525
-24.993
-24.567
-16.541
-16.971
-12.293
-14.469
-11.791
 -8.899
-16.109
-10.337
 -5.654
  0.720
  2.552
  2.332
 10.809
 14.276
 20.125
 23.907
 29.702
 29.889
 32.527
 32.849
 36.084
 35.542
 36.455
 30.593
 38.735
 40.685
 38.927
 38.821
 39.056
 38.194
 35.658
 27.243
 24.947
 22.894
 22.066
 14.423
  8.524
  9.458
  8.638
  7.851
 -2.952
  1.075
 -5.639
 -8.552
 -8.915
-12.650
-23.715
-28.883
-27.281
-30.834
-32.363
-32.016
-39.701
-43.863
-45.842
-40.196
-49.388
-50.275
-47.039
-45.211
-36.231
-39.878
-31.317
-27.643
-20.074
-20.075
-18.056
-16.723
-11.819
 -4.950
  0.438
  1.745
  3.882
  8.473
 11.923
 15.951
 18.706
 25.628
 29.927
 29.661
 29.312
 26.794
 18.898
 17.708
 16.456
 10.902
 10.244
 11.433
 11.779
  4.939
  2.395
  2.680
 -2.260
 -3.911
 -5.360
 -7.029
-14.653
-23.990
-20.783
-25.411
-29.473
-32.547
-37.012
-37.350
-39.058
-36.018
-40.448
-38.759
-36.340
-39.270
-30.313
-29.657
-24.692
-24.029
-18.151
-14.867
-13.430
-10.229
 -2.208
 -0.204
  3.008
  4.785
 10.223
 12.282
 22.930
 25.655
 30.847
 32.509
 37.912
 40.589
 34.859
 35.375
 40.613
 36.831
 36.390
 31.900
 32.136
 27.223
 20.417
 19.478
 14.927
 10.259
  8.505
  8.164
  3.538
  0.126
 -2.407
 -1.832
 -8.954
-10.731
-17.942
-21.446
-27.806
-28.250
-39.389
-37.714
-41.116
-50.660
-48.995
-47.028
-47.556
-46.205
-43.534
-50.422
-45.617
-44.176
-41.624
-30.556
-36.773
-23.349
-23.022
-22.786
-20.234
-10.724
-10.165
 -2.375
 -1.450
  1.611
  3.439
  9.547
  9.458
  9.893
 17.077
 19.012
 19.866
 25.986
 28.234
 25.989
 24.383
 23.280
 18.740
 16.982
 12.458
  5.724
  3.972
  0.841
 -2.986
 -4.063
 -3.435
 -5.072
-12.353
-15.937
-17.893
-22.063
-24.422
-31.595
-28.797
-36.500
-40.644
-40.347
-44.143
-47.602
-41.591
-48.370
-44.116
-37.787
-46.934
-36.941
-34.988
-33.721
-33.285
-27.194
-19.614
-13.532
 -8.193
 -3.426
  0.877
  7.496
 11.243
 15.848
 22.522
 28.259
 32.828
 37.519
 41.061
 41.024
 41.041
 41.874
 43.833
 42.713
 42.611
 46.035
 40.963
 35.073
 37.727
 32.789
 25.897
 19.606
 14.649
 12.704
 10.940
  6.312
 -0.428
 -1.663
 -6.806
 -8.351
 -9.651
-18.979
-23.879
-31.884
-34.493
-36.682
-44.403
-49.799
-48.824
-54.217
-52.886
-56.222
-56.093
-63.399
-58.932
-50.179
-47.560
-42.760
-38.071
-39.207
-36.349
-25.271
-17.692
-11.090
 -5.000
 -2.745
  0.626
  2.716
  7.781
  7.121
 13.862
 18.784
 24.503
 32.108
 32.496
 35.531
 31.907
 31.457
 29.445
 24.039
 23.962
 19.536
 14.216
  9.535
  8.234
  4.288
  2.385
 -2.312
 -4.762
 -8.379
-12.543
-15.646
-21.907
-26.118
-32.982
-31.767
-37.056
-34.902
-42.018
-39.457
-46.169
-45.486
-45.340
-49.976
-46.438
-49.227
-49.876
-44.262
-45.221
-35.547
-43.555
-27.764
-24.685
-14.893
-11.367
 -3.920
 -0.063
  1.317
  5.915
  9.778
 18.168
 25.861
 28.913
 34.529
 34.482
 39.585
 39.161
 41.366
 42.320
 44.654
 47.217
 46.882
 45.642
 41.455
 37.641
 34.952
 25.798
 23.302
 15.054
  8.655
  6.490
  7.019
 -0.488
 -0.155
 -6.124
 -5.739
-13.876
-14.886
-18.106
-26.840
-33.477
-38.075
-50.396
-47.993
-42.749
-49.176
-56.390
-47.552
-50.781
-58.898
-57.635
-45.850
-40.762
-45.544
-42.080
-32.644
-28.413
-24.634
-13.940
 -5.080
 -5.230
 -2.538
  2.065
  6.957
  8.650
 10.564
 19.603
 24.980
 27.108
 28.851
 30.318
 33.088
 33.119
 31.356
 31.942
 26.311
 26.628
 22.269
 18.854
 12.393
  8.006
  4.894
  4.836
  2.075
 -0.259
 -2.216
 -5.539
-10.916
-11.909
-25.041
-28.083
-25.933
-34.900
-36.973
-47.077
-44.441
-43.248
-47.417
-51.427
-51.620
-59.865
-49.238
-49.016
-43.084
-40.683
-34.103
-32.767
-26.446
-21.786
-13.070
 -9.505
 -3.867
 -1.634
  1.047
  3.543
 10.309
 16.083
 22.563
 26.725
 32.896
 32.916
 32.655
 32.502
 38.672
 41.507
 44.301
 45.029
 43.807
 41.746
 39.772
 39.649
 33.958
 30.737
 17.908
 10.686
  8.800
  4.324
 -0.017
 -0.432
 -2.294
 -5.698
-10.405
-16.536
-20.017
-23.234
-22.762
-31.484
-36.940
-44.106
-54.349
-62.766
-60.362
-58.362
-59.579
-54.793
-54.799
-49.413
-50.188
-48.919
-43.472
-39.598
-26.184
-26.232
-18.616
-13.851
 -5.007
 -2.528
  0.129
  2.376
  6.703
 14.065
 19.859
 25.251
 31.638
 33.895
 36.187
 36.820
 37.839
 39.104
 38.586
 42.179
 39.739
 38.769
 35.641
 27.430
 25.007
 17.680
  9.049
  2.939
  2.415
  1.797
 -0.881
 -3.090
 -9.317
-14.949
-20.054
-24.523
-32.050
-28.541
-38.789
-40.758
-54.324
-55.992
-62.539
-55.115
-59.724
-54.792
-53.932
-50.726
-48.969
-46.650
-41.745
-37.970
-32.227
-26.771
-22.767
-13.276
 -8.285
 -2.554
 -0.018
  2.400
  6.426
 12.528
 18.497
 25.125
 30.370
 34.718
 37.383
 39.747
 39.536
 40.794
 43.182
 47.928
 47.727
 46.510
 44.279
 42.915
 36.476
 32.180
 25.600
 15.072
  9.912
  4.400
  2.841
  1.254
 -0.569
 -5.057
 -9.061
-15.356
-20.378
-26.263
-30.141
-31.586
-36.751
-46.296
-52.183
-50.196
-52.733
-54.836
-55.540
-53.596
-58.243
-49.547
-50.665
-49.007
-44.360
-40.308
-35.572
-25.643
-15.468
 -9.893
 -4.741
 -1.940
  1.239
  3.915
 10.446
 19.326
 24.408
 29.530
 31.127
 33.862
 37.393
 39.004
 40.168
 41.781
 42.311
 46.249
 47.845
 45.183
 40.668
 32.263
 29.306
 20.328
 16.967
  7.401
  1.819
  0.061
  0.478
 -1.598
 -4.821
-10.712
-18.112
-22.881
-26.666
-30.555
-38.524
-37.178
-46.960
-47.395
-53.958
-57.969
-55.169
-56.975
-55.542
-53.109
-51.988
-47.604
-44.200
-38.711
-34.783
-28.810
-21.671
-15.731
-17.228
 -7.431
 -4.517
  1.083
  5.998
 13.846
 16.383
 24.454
 30.483
 34.667
 36.921
 39.580
 39.873
 41.933
 41.709
 41.795
 44.814
 44.246
 42.137
 40.267
 32.870
 28.980
 24.350
 16.801
 13.129
  7.384
  5.186
  1.919
 -0.742
 -2.966
 -7.700
-15.131
-18.513
-23.933
-26.717
-27.326
-31.873
-39.515
-41.884
-47.554
-52.910
-53.127
-55.592
-55.719
-47.817
-49.689
-42.283
-44.063
-37.284
-28.813
-28.988
-23.204
-15.879
 -9.751
 -6.352
 -0.037
  3.867
  6.101
 12.431
 22.851
 26.988
 32.244
 35.924
 34.518
 38.169
 36.698
 39.894
 41.671
 41.640
 45.170
 44.712
 43.058
 38.369
 33.396
 30.926
 24.173
 17.321
 12.385
  5.296
  4.399
  2.746
 -0.455
 -3.835
 -8.821
-12.363
-19.736
-28.972
-26.230
-30.031
-35.929
-41.603
-48.553
-48.423
-55.472
-62.281
-59.640
-59.904
-54.355
-51.066
-45.260
-43.202
-42.926
-41.347
-40.442
-29.773
-21.670
-14.143
 -8.723
 -3.456
 -2.405
  2.818
  6.357
 11.690
 17.288
 25.444
 31.680
 34.538
 37.824
 34.158
 36.399
 38.008
 36.277
 35.459
 35.933
 33.136
 29.478
 27.460
 22.143
 16.671
  8.825
  4.410
  3.953
 -0.021
 -2.465
 -4.512
 -9.359
-15.483
-16.386
-21.340
-24.616
-30.215
-35.622
-38.449
-42.607
-49.400
-52.144
-48.152
-52.942
-51.699
-44.343
-47.094
-48.184
-41.371
-43.441
-37.426
-34.393
-25.200
-22.056
-17.679
 -8.631
 -3.678
 -1.511
  2.120
  7.845
 13.190
 19.433
 24.681
 33.045
 34.769
 37.150
 38.985
 36.538
 40.300
 42.486
 43.105
 42.423
 41.607
 39.901
 41.461
 31.551
 29.027
 23.911
 16.780
 10.702
  6.233
  5.255
  1.981
 -1.848
 -0.364
 -5.046
 -7.415
 -6.942
  1.584
  1.203
  1.060
  1.040
  0.889
  0.779
 -0.980
 -0.982
 -0.938
 -0.946
 -0.968
 -1.012
 -1.030
 -0.965
 -1.013
 -1.028
 -1.000
 -1.009
 -1.014
 -1.004
 -1.018
 -0.968
 -0.974
 -1.001
 -0.937
 -0.934
 -0.953
 -0.937
 -0.915
 -0.966
